N	M	S		F		P
128	RT	18521578	79.0526		[-0.01814 -0.57796 -0.89126  0.62092 -1.18112  1.8732  -0.85956 -0.31981
 -1.08194 -0.86285]
128	RT	18521579	79.8334		[-0.58891  0.10534  0.03439  1.13796 -0.81996 -1.9753   1.19147  0.25408
 -1.3958   2.07401]
128	RT	18521580	76.4272		[-1.77815  1.92998 -1.02307 -2.91841  1.00715 -2.98448 -3.17685  0.14631
  1.01215  1.37051]
128	RT	18521581	100.9612		[-0.235    1.58224  0.00431 -0.97176 -2.08209  3.91612  0.83382 -0.67135
 -0.56195  0.19725]
128	RT	18521582	72.0183		[ 1.15627 -0.06178 -2.62162  1.9887  -1.05148 -3.07416  1.05738 -1.90016
  2.14566 -0.7675 ]
128	RT	18521583	93.8341		[ 1.63054  0.97964  4.17328 -3.8233   2.24327 -0.04422  0.76403 -0.1245
 -0.09356 -1.01189]
128	RT	18521584	83.0071		[ 0.97281  0.77359 -0.08598  1.85495  0.06089 -0.59013  0.69876  0.75149
 -1.01492 -1.38314]
128	RT	18521585	65.5773		[-2.99984  0.91072  0.91541 -0.19871  4.06354  1.19981  2.09375  0.14899
  1.02547 -2.13891]
128	RT	18521586	62.0175		[-0.95069  1.04459  0.08251 -0.1087   2.07662  1.05014  0.76126  0.85111
 -0.52611  0.6974 ]
128	RT	18521587	73.319		[ 0.19996 -1.82065 -3.7807  -0.2243   2.04837  0.12288  0.18102  1.11776
 -1.8764  -0.89383]
256	RT	18521578	77.4732		[-1.01261 -1.53127  3.08997  1.00509  2.91413  2.90864 -1.6982   1.00769
 -0.95468  0.87378]
256	RT	18521579	101.9192		[-1.87897  0.87185  2.14618  1.13553 -0.00382 -0.27452  4.2803   0.72022
 -1.8218   0.66746]
256	RT	18521580	60.6611		[ 0.19422 -1.98088  1.04479 -0.91991 -0.07193 -0.92529  2.84912 -1.2283
  0.01164  1.42963]
256	RT	18521581	69.5746		[-1.78405 -0.11943 -0.80317 -1.19702  0.95686 -0.14996 -2.89638  0.93015
  2.73198  1.9758 ]
256	RT	18521582	57.2163		[-0.99127 -1.06578 -0.11814  0.11644 -1.42199 -0.83922 -1.08114 -0.77212
  0.24656  0.08169]
256	RT	18521583	62.6056		[ 0.21496 -0.07113 -1.82087  0.96946  0.37734 -1.00243  1.0119   0.23378
  0.77832 -1.16694]
256	RT	18521584	50.799		[ 2.02254 -0.84496  0.08092 -0.7545   1.78779  1.09082  0.05147  2.98827
  1.90492  1.04545]
256	RT	18521585	82.4541		[-0.06017  0.04035  0.04027  2.00957 -1.98275  0.17639 -2.1626   0.71504
  2.32025 -2.56854]
256	RT	18521586	67.949		[ 1.04218  1.9974   0.98448 -0.59324 -0.90639 -1.72342  0.01432 -3.10813
 -2.98161 -1.92446]
256	RT	18521587	78.4822		[-0.93893  2.29541  0.98812 -0.17883  0.06871 -0.85136  2.76412  1.2845
  0.76021 -2.08896]
512	RT	18521578	88.1901		[ 1.14393  2.05099 -2.02986  0.28401 -0.94384 -0.17049 -1.00192  3.59509
 -4.06478  0.17639]
512	RT	18521579	55.0323		[-0.09548 -0.70871 -1.22119  0.98165  2.01776  2.94846 -0.05437  0.00513
  0.78603  0.20385]
512	RT	18521580	59.3325		[-0.80795  2.01765 -1.76494 -0.83466  1.91858 -0.9682   0.16901 -0.88302
 -2.14515  1.85722]
512	RT	18521581	55.5803		[-0.14545  1.01502 -0.87549  0.20275  2.99942  1.34543  1.03815 -0.19336
  0.06335 -0.85402]
512	RT	18521582	84.7107		[-3.95827  4.08043 -1.83503  1.83989 -2.83461 -0.89996 -2.88326 -1.9048
  1.01135 -1.04598]
512	RT	18521583	63.3717		[ 2.19759 -1.93867 -1.02206 -0.12335  2.94457  1.94291  1.07849 -2.99926
 -0.67992  0.13731]
512	RT	18521584	63.8996		[ 2.20149  1.20277  0.16321  1.90352 -1.10718 -0.86662 -0.03327 -1.20112
  1.16612  2.8843 ]
512	RT	18521585	49.1868		[-1.23686  2.11948  0.14173 -3.04092 -1.0381   1.88401 -0.9449  -1.15383
 -0.92601 -0.94479]
512	RT	18521586	64.7083		[-0.09293  1.0049   0.84686  0.59747  2.90549  2.00922  1.87813  0.05368
  0.08467  0.35013]
512	RT	18521587	75.2854		[-2.1021   2.95881  0.76739 -0.07876  1.90235  0.10546  0.17161 -1.20681
  0.84331 -1.50864]
1024	RT	18521578	58.2693		[ 1.17135 -0.04259  2.0867   1.97292  1.00974 -0.94831  2.07347  0.31171
 -0.15956  2.25079]
1024	RT	18521579	67.0529		[ 0.06582 -1.76026 -2.04692 -0.06653  1.13614 -0.86686  2.80639  1.95707
 -1.9805  -2.76181]
1024	RT	18521580	74.0758		[ 2.03363  1.29465  0.85899  0.71209 -0.94355  1.78421 -0.21126 -0.87201
 -1.8787   1.18904]
1024	RT	18521581	70.1495		[-3.33209 -2.90832  0.80806 -0.93622  0.18986 -1.96571 -0.81802 -0.18266
  1.07115 -0.03661]
1024	RT	18521582	69.7843		[ 0.02984  0.24786  0.12255  0.88387  1.42566 -0.70873  1.96951  2.01675
  1.16716  0.84854]
1024	RT	18521583	63.3717		[ 2.19759 -1.93867 -1.02206 -0.12335  2.94457  1.94291  1.07849 -2.99926
 -0.67992  0.13731]
1024	RT	18521584	62.7259		[ 0.13737 -1.03681  0.63578 -0.02948  0.96291  1.19866 -0.72689 -2.0146
 -2.87792 -0.14895]
1024	RT	18521585	59.2591		[-0.13702 -0.0794   1.56134  0.99161  1.05224  2.94869  0.93691  0.97736
 -3.89845 -0.97133]
1024	RT	18521586	56.3963		[-2.92515 -0.07232  1.01916 -2.11458 -0.47219  2.01905 -0.01288  1.15168
  1.1701  -0.95386]
1024	RT	18521587	56.7904		[ 0.93356  0.05306 -2.10648  1.1506   1.90338 -2.10643  1.31863 -0.08037
 -0.00713  1.27598]
2048	RT	18521578	47.3977		[-0.01109  0.09127 -0.14046  1.79723 -0.22099  0.90373 -0.05957 -0.03486
 -0.93349 -3.86573]
2048	RT	18521579	43.8132		[-0.98253  1.10211  0.28696  1.04092 -0.13237  0.75449  0.99212  0.09508
  1.95893 -1.90642]
2048	RT	18521580	53.4865		[-2.12005 -0.85126  0.01962 -2.14707  1.82732  1.13393 -1.04863  0.80617
  3.00611 -1.05666]
2048	RT	18521581	56.4826		[ 2.00242 -1.11012 -2.18022 -1.1284  -0.23276  2.78294 -0.00961 -0.92026
 -0.16488 -0.90986]
2048	RT	18521582	69.6073		[-0.18932 -0.84132 -3.29212 -1.16844 -1.2476   0.89752 -0.0437   1.81715
  1.03346 -1.0972 ]
2048	RT	18521583	38.5162		[ 1.08636 -0.02957  0.89427 -0.21937  0.97677 -0.30794  0.90069  1.15024
  1.01573  0.06041]
2048	RT	18521584	61.9644		[ 1.2288   0.05059 -0.06717 -1.07735 -1.8613  -2.30591 -3.13296 -0.12405
 -1.9136   0.96399]
2048	RT	18521585	66.9583		[ 1.08197 -0.17593 -2.27141 -1.96374 -0.74289  0.1625   1.17559 -1.09062
 -0.12568 -3.05466]
2048	RT	18521586	64.8875		[-0.81021 -0.89124  2.85577 -0.87011 -0.82266  1.32291 -0.93105 -0.19173
 -2.10846 -0.9383 ]
2048	RT	18521587	41.4573		[ 0.88227 -0.01418  0.06922 -0.12002 -0.06689  0.22104  0.84747  0.31867
  0.10185  1.97799]
128	ST	18521578	62.1704		[ 1.95172 -0.75577 -2.83537 -0.96737 -1.05085  1.24401  0.71895 -2.05297
  0.92276  0.09147]
128	ST	18521579	80.7433		[-1.06315 -0.74009  3.79061  0.95985  0.02953  1.28434 -0.83685 -0.52878
  0.99564 -1.12075]
128	ST	18521580	70.6525		[-1.08958 -0.05125 -0.14545  2.65684 -1.84676 -0.11808  0.69288  1.81932
  0.18711  1.03412]
128	ST	18521581	72.3745		[-0.15344  1.9241   1.34268 -1.05477  0.30154  1.96633  1.04589 -1.90401
 -2.0499  -0.33651]
128	ST	18521582	84.4336		[-0.99042  2.02904  3.54457  0.90716 -1.50576 -0.02496 -3.12647  0.05289
  0.84064  0.88005]
128	ST	18521583	73.0033		[ 3.89604  0.04291  0.17607  1.21698 -1.11412  1.95637  0.95663 -2.17943
  0.1193  -0.60974]
128	ST	18521584	69.082		[ 1.66988 -1.06845 -0.89727 -1.92265 -2.09842 -0.96222 -1.70764 -1.30561
  0.08623  0.917  ]
128	ST	18521585	71.7151		[-1.05535 -1.07095 -1.97226  0.15905  2.78486  0.23966  0.75855  0.04532
 -1.84632 -1.32112]
128	ST	18521586	64.6569		[ 0.08418 -1.94716  1.58912  1.14191 -0.75828 -2.1451   0.19993  0.9098
  1.03965  1.11326]
128	ST	18521587	54.436		[-0.01202  2.05473 -1.01566 -0.90497  1.02848 -3.86056  1.28066  0.85622
 -0.07464 -1.17886]
256	ST	18521578	69.3899		[-1.9458   2.14029  0.38705 -0.8684   0.18229  0.86909 -0.06024  0.30275
 -1.17364 -1.94273]
256	ST	18521579	100.0967		[ 2.02191  2.92323  2.03602  2.4939   3.51196 -1.9412  -0.90445 -2.07468
 -1.06578  2.15346]
256	ST	18521580	48.3881		[-1.08325 -0.25387  2.9927   3.00858  1.87459  0.14461  0.12734 -0.98886
  1.0293  -0.92586]
256	ST	18521581	47.4337		[ 1.0919   2.18215  0.08925 -1.13578  0.95801 -0.97671 -0.36367 -2.06167
  1.06338  1.06009]
256	ST	18521582	52.7064		[ 3.00159 -1.85371 -1.11712  0.85048  0.1734  -1.88872  1.03501  1.09655
 -0.12331  0.23613]
256	ST	18521583	38.8422		[ 2.90163  0.00303 -0.08481  0.04969  1.06203  0.95826 -0.04933 -3.09459
 -0.27728 -0.00163]
256	ST	18521584	43.9555		[ 3.04786  2.04717  1.15105  1.82176 -0.05937 -2.01388 -0.12641  1.03278
  1.96636  0.10131]
256	ST	18521585	111.6894		[ 1.07563  2.96313  3.01975  1.85199 -3.16721  0.17795 -0.22051 -3.21401
 -1.90243 -3.59202]
256	ST	18521586	57.253		[ 3.03298 -1.01166  4.05594  0.12664  0.09117  2.92325  0.8905  -0.07415
  2.00509 -2.12105]
256	ST	18521587	73.7127		[ 2.17672  3.0025   0.80195 -3.00914 -0.08828 -3.83471 -0.04761 -0.88838
 -0.12448 -0.25279]
512	ST	18521578	83.4109		[ 1.28934  0.29591 -0.02111 -0.11697 -0.40328  0.40481 -0.04179  0.17626
 -1.2395  -0.02276]
512	ST	18521579	58.1357		[-1.86456 -0.4093  -0.01793  0.93116  0.70552  1.06922  0.89867 -0.08776
  1.00292  0.75562]
512	ST	18521580	48.519		[-0.78883 -0.87767 -0.78201 -2.05593 -0.77624  1.13393  1.09676  0.9535
  0.03822 -2.06474]
512	ST	18521581	65.9409		[-2.9587   0.08316  0.73445 -2.04997 -3.30367  1.12388 -0.04749  1.09685
 -1.07804 -0.84374]
512	ST	18521582	54.8852		[ 0.20928  1.06776 -0.13094 -0.9855   0.90951  1.27242 -2.11064  0.92598
  3.91915  0.04336]
512	ST	18521583	42.6801		[ 0.95749  0.03673 -0.16897 -0.02339  0.81555 -1.21354  1.88854 -1.21576
 -0.0847   0.13409]
512	ST	18521584	43.826		[-0.85885  0.98815 -1.04517  0.15814  0.13434 -0.86592 -0.77389 -0.00035
  2.11025  3.00201]
512	ST	18521585	53.3702		[ 0.92899 -0.43686 -0.9424  -0.96899  2.86379  0.0571   0.9769  -0.79065
 -0.89552 -1.91268]
512	ST	18521586	72.5486		[ 2.84196 -1.04067  3.984    0.13175  0.11068  2.91461  1.01172  0.02942
  2.10896 -2.3128 ]
512	ST	18521587	32.1603		[-0.02068  1.97899 -0.94662 -0.02612 -1.06721 -1.02871  3.02363 -1.15796
  1.96828  1.1218 ]
1024	ST	18521578	39.463		[-2.18278  1.93066  0.99235  0.95335  0.06565 -0.09413  1.90226 -0.18921
  0.13654 -0.86753]
1024	ST	18521579	71.2508		[ 1.82292  1.07005  1.24039  3.02743  0.26405  0.05433  0.3388  -1.17435
  1.0737   1.97042]
1024	ST	18521580	57.445		[ 1.28711 -0.77812 -0.10519 -0.10536 -1.87692  0.77239 -0.83198 -2.09605
  1.06071  1.01286]
1024	ST	18521581	53.6311		[ 1.94512  0.17759 -0.06589  0.04147  1.76646 -1.94161 -1.92074 -1.10232
  0.32866  0.89382]
1024	ST	18521582	59.9692		[ 0.00047 -2.13281 -2.2178  -1.78233  0.0237   0.92864 -0.56032 -0.02458
 -1.98591 -1.07985]
1024	ST	18521583	58.6791		[ 2.28892 -1.90899 -0.91767 -0.01514  2.93315  1.93047  0.94631 -3.04706
 -0.78807  0.00997]
1024	ST	18521584	58.1256		[ 0.91848 -0.71515 -2.82558 -1.95861  0.22612  1.95603  0.15503 -0.15303
  0.1037   0.91584]
1024	ST	18521585	61.1632		[ 3.06355  0.96723  1.7891   0.90948 -1.19683 -0.12376 -0.59785 -0.92005
  1.99265  1.01035]
1024	ST	18521586	44.5619		[-0.88598  1.14593  0.28232  1.01295 -0.88564 -1.11342 -0.97156  2.18219
 -1.12529 -0.01773]
1024	ST	18521587	55.1916		[ 0.34751 -0.92414 -1.157   -1.11393  0.96252 -1.12764 -2.14176  1.1838
 -1.97724  0.90224]
2048	ST	18521578	42.8113		[ 0.00423  0.96643 -0.08336  1.07686  2.87437  0.16614  0.17174  1.09349
  3.06413  0.13518]
2048	ST	18521579	42.3396		[-2.05805 -1.14122  1.08473 -0.82877  2.09553  0.20345  1.02228 -1.02584
  1.06576  1.16664]
2048	ST	18521580	27.5701		[ 0.00193  0.99574 -1.04526 -0.72419  0.97585  1.04759 -1.13412 -1.14142
 -0.03036  0.05147]
2048	ST	18521581	38.0659		[-1.16222 -0.97814  0.11278  2.00108 -0.08814  1.09853  0.94169 -1.9023
 -0.98705 -0.72793]
2048	ST	18521582	49.4398		[-0.7243  -1.95127 -0.01636 -0.07805  1.23996  1.78303 -2.08522  1.08978
 -0.0383   0.99818]
2048	ST	18521583	49.4339		[ 0.90197  0.0223   0.24825  1.02396  0.08861  0.65879  0.9846  -2.03711
 -3.03773  0.88575]
2048	ST	18521584	20.5616		[-0.03387  0.02351  0.031    0.95404 -0.08766 -2.84286 -1.08127  0.03901
  1.03472 -0.05522]
2048	ST	18521585	62.7534		[ 0.10613 -0.16175  1.06285 -1.05007 -1.79876 -0.57764 -3.02563  0.71774
 -0.99176 -0.02756]
2048	ST	18521586	48.4613		[ 2.84802 -2.05766 -1.10029  1.04417 -0.12936 -1.12931  2.06783  0.92604
  1.17132 -1.9042 ]
2048	ST	18521587	17.6738		[ 0.01776  0.9235  -2.08256 -1.06261 -0.0069   0.03989  1.96608  0.0664
 -0.10794  0.05422]
