N	M	S		F		P
128	RT	18521587	4.9748		[-0.       0.       0.99496 -0.99496 -0.99496 -0.      -0.99496  0.	  0.       0.99496]
256	RT	18521582	3.9798		[-0.      -0.99496 -0.99496  0.      -0.      -0.       0.99496 -0.	 -0.99496 -0.     ]
512	RT	18521587	4.2681		[-1.00436  0.99295  0.01225  0.01842  0.01409  0.02271  0.01161  0.99561 -0.99901 -0.00263]
1024	RT	18521585	4.4334		[-0.02251  0.06426 -0.01139  0.00039  0.00131 -0.05983  0.96244 -0.03883 -1.02516 -0.02463]
2048	RT	18521586	4.8079		[-0.9976   0.00696  0.00753  1.02262 -0.01957  0.01557  0.04351  0.01326  0.97021 -0.9926 ]
128	ST	18521583	7.9597		[ 1.98991  0.      -0.       0.99496 -0.      -0.      -0.99496 -0.99496 -0.       0.99496]
256	ST	18521579	6.9647		[-0.99496  0.99496  0.       0.99496  0.99496  0.99496  0.      -0.99496  0.       0.99496]
512	ST	18521583	7.9597		[ 0.99496 -0.       0.      -0.       0.99496 -0.99496  1.98991 -0.99496 -0.      -0.     ]
1024	ST	18521584	10.9445		[-0.99496  0.      -0.99496 -0.99496  0.99496  0.99496  1.98991  0.	  0.99496 -0.99496]
2048	ST	18521580	6.9647		[-0.       0.99496 -0.99496 -0.99496  0.99496  0.99496 -0.99496 -0.99496 -0.       0.     ]
